0.0 0.038461538461538464 0.8245192307692308 0.07692307692307693 0.34615384615384615
0.0 0.17427884615384617 0.4759615384615385 0.3473557692307693 0.2620192307692308
0.0 0.4675480769230769 0.3713942307692308 0.04927884615384616 0.06610576923076923
0.0 0.6346153846153847 0.4290865384615385 0.15745192307692307 0.23918269230769235
0.0 0.8100961538461539 0.733173076923077 0.3786057692307693 0.5324519230769231
0.0 0.7932692307692308 0.359375 0.03485576923076923 0.08293269230769232
0.0 0.9158653846153847 0.3918269230769231 0.16586538461538464 0.1790865384615385
0.0 0.8798076923076923 0.2980769230769231 0.018028846153846152 0.03245192307692309
0.0 0.9122596153846155 0.29927884615384615 0.019230769230769232 0.01682692307692308
0.0 0.9158653846153847 0.2776442307692308 0.01682692307692308 0.019230769230769232
