0.0 0.42578125 0.190625 0.0359375 0.0765625
0.0 0.27109375 0.29609375 0.0484375 0.1078125
0.0 0.47890625 0.4703125 0.065625 0.1703125
0.0 0.29140625 0.546875 0.103125 0.2859375
0.0 0.32265625 0.3875 0.05625 0.1296875
0.0 0.334375 0.14375 0.0390625 0.0703125
0.0 0.37578125 0.1125 0.0390625 0.0453125
0.0 0.23515625 0.16484375 0.04375 0.0671875
0.0 0.2875 0.134375 0.028125 0.0515625
0.0 0.2875 0.04921875 0.0296875 0.046875
0.0 0.31875 0.03359375 0.028125 0.046875
0.0 0.346875 0.03046875 0.021875 0.0359375
