0.0 0.50390625 0.6453125 0.0875 0.2390625
0.0 0.85234375 0.63984375 0.134375 0.228125
0.0 0.0734375 0.84609375 0.146875 0.3078125
0.0 0.18828125 0.834375 0.2015625 0.33125
0.0 0.33984375 0.18515625 0.0453125 0.1171875
0.0 0.2390625 0.16953125 0.0453125 0.075
0.0 0.303125 0.153125 0.040625 0.0609375
0.0 0.421875 0.1984375 0.0484375 0.0828125
0.0 0.3734375 0.0734375 0.0453125 0.0453125
0.0 0.3484375 0.03359375 0.0265625 0.028125
0.0 0.3203125 0.03359375 0.0265625 0.040625
0.0 0.29453125 0.1015625 0.0484375 0.05625
