0.0 0.46484375 0.77421875 0.1265625 0.290625
0.0 0.21875 0.778125 0.159375 0.3140625
0.0 0.484375 0.47578125 0.0921875 0.171875
0.0 0.2625 0.325 0.0890625 0.15625
1.0 0.3421875 0.31328125 0.1015625 0.2609375
0.0 0.475 0.30078125 0.065625 0.1015625
0.0 0.45625 0.1796875 0.053125 0.0921875
0.0 0.4296875 0.1203125 0.0453125 0.06875
0.0 0.40546875 0.059375 0.040625 0.0484375
0.0 0.3609375 0.15703125 0.0453125 0.0875
0.0 0.35859375 0.0734375 0.034375 0.0578125
0.0 0.315625 0.071875 0.0421875 0.0484375
0.0 0.2515625 0.128125 0.0515625 0.0859375
0.0 0.3 0.1453125 0.0453125 0.0859375
