0.0 0.878125 0.58828125 0.19375 0.284375
0.0 0.4 0.2390625 0.071875 0.103125
0.0 0.303125 0.53359375 0.134375 0.21875
0.0 0.178125 0.56875 0.1171875 0.2140625
0.0 0.2171875 0.2484375 0.059375 0.0875
0.0 0.26484375 0.79453125 0.1921875 0.4
0.0 0.51171875 0.59296875 0.1484375 0.2625
0.0 0.275 0.20859375 0.0640625 0.0984375
0.0 0.16015625 0.20546875 0.05625 0.078125
0.0 0.32734375 0.15 0.059375 0.071875
0.0 0.2 0.1171875 0.0421875 0.0578125
0.0 0.2375 0.08359375 0.0390625 0.0421875
0.0 0.2671875 0.05625 0.0296875 0.0328125
