0.0 0.315625 0.42890625 0.1125 0.16875
0.0 0.2625 0.3046875 0.0984375 0.128125
0.0 0.07578125 0.6640625 0.1515625 0.31875
0.0 0.41640625 0.82265625 0.1796875 0.3328125
0.0 0.4875 0.546875 0.1171875 0.2125
0.0 0.49140625 0.3984375 0.08125 0.1390625
0.0 0.5125 0.2734375 0.0671875 0.1390625
0.0 0.5109375 0.2015625 0.0578125 0.1015625
0.0 0.4921875 0.14609375 0.0515625 0.0828125
0.0 0.48046875 0.08046875 0.053125 0.078125
0.0 0.415625 0.08046875 0.0546875 0.078125
0.0 0.30703125 0.0609375 0.0484375 0.075
0.0 0.4171875 0.0171875 0.028125 0.034375
0.0 0.3375 0.14375 0.046875 0.1046875
0.0 0.39296875 0.18671875 0.0609375 0.0984375
