2.0 0.84765625 0.6953125 0.2421875 0.4984375
2.0 0.59921875 0.60234375 0.1921875 0.26484375
2.0 0.42734375 0.578125 0.23359375 0.275
2.0 0.3140625 0.53671875 0.16953125 0.17109375
2.0 0.2171875 0.53984375 0.07265625 0.1703125
2.0 0.1890625 0.5171875 0.0796875 0.1640625
2.0 0.1640625 0.50234375 0.0640625 0.15859375
2.0 0.12734375 0.50234375 0.06171875 0.1609375
2.0 0.93515625 0.46484375 0.115625 0.146875
2.0 0.775 0.4625 0.115625 0.13828125
2.0 0.6875 0.46640625 0.0765625 0.12421875
2.0 0.6265625 0.459375 0.08125 0.10625
