0.0 0.49609375 0.59765625 0.09375 0.1921875
0.0 0.71171875 0.62265625 0.1296875 0.2234375
0.0 0.06328125 0.53125 0.0890625 0.16875
0.0 0.5109375 0.3921875 0.090625 0.15
0.0 0.5484375 0.2953125 0.0578125 0.0953125
0.0 0.578125 0.2421875 0.0359375 0.0875
0.0 0.596875 0.20546875 0.0421875 0.078125
0.0 0.60859375 0.171875 0.034375 0.0609375
0.0 0.628125 0.12734375 0.0421875 0.059375
0.0 0.64375 0.09375 0.0296875 0.0546875
0.0 0.69140625 0.07734375 0.0453125 0.1046875
0.0 0.78203125 0.1984375 0.05 0.0953125
